(kicad_pcb (version 20171130) (host pcbnew 5.0.2-bee76a0~70~ubuntu18.10.1)

  (general
    (thickness 1)
    (drawings 23)
    (tracks 731)
    (zones 0)
    (modules 28)
    (nets 63)
  )

  (page A4)
  (title_block
    (title GB-CART2M-A)
    (rev v1.0)
    (company https://gekkio.fi)
  )

  (layers
    (0 F.Cu signal)
    (31 B.Cu signal)
    (32 B.Adhes user)
    (33 F.Adhes user)
    (34 B.Paste user)
    (35 F.Paste user)
    (36 B.SilkS user)
    (37 F.SilkS user)
    (38 B.Mask user)
    (39 F.Mask user)
    (40 Dwgs.User user)
    (41 Cmts.User user)
    (42 Eco1.User user)
    (43 Eco2.User user)
    (44 Edge.Cuts user)
    (45 Margin user)
    (46 B.CrtYd user)
    (47 F.CrtYd user)
    (48 B.Fab user)
    (49 F.Fab user)
  )

  (setup
    (last_trace_width 0.32)
    (user_trace_width 0.2)
    (user_trace_width 1)
    (trace_clearance 0.2)
    (zone_clearance 0.2)
    (zone_45_only no)
    (trace_min 0.2)
    (segment_width 0.2)
    (edge_width 0.15)
    (via_size 0.6)
    (via_drill 0.4)
    (via_min_size 0.5)
    (via_min_drill 0.3)
    (uvia_size 0.3)
    (uvia_drill 0.1)
    (uvias_allowed no)
    (uvia_min_size 0.2)
    (uvia_min_drill 0.1)
    (pcb_text_width 0.3)
    (pcb_text_size 1.5 1.5)
    (mod_edge_width 0.15)
    (mod_text_size 1 1)
    (mod_text_width 0.15)
    (pad_size 2 2)
    (pad_drill 0)
    (pad_to_mask_clearance 0)
    (solder_mask_min_width 0.2)
    (aux_axis_origin 0 0)
    (visible_elements FFFFFF7F)
    (pcbplotparams
      (layerselection 0x010fc_ffffffff)
      (usegerberextensions false)
      (usegerberattributes false)
      (usegerberadvancedattributes false)
      (creategerberjobfile true)
      (excludeedgelayer false)
      (linewidth 0.100000)
      (plotframeref false)
      (viasonmask false)
      (mode 1)
      (useauxorigin false)
      (hpglpennumber 1)
      (hpglpenspeed 20)
      (hpglpendiameter 15.000000)
      (psnegative false)
      (psa4output false)
      (plotreference true)
      (plotvalue true)
      (plotinvisibletext false)
      (padsonsilk false)
      (subtractmaskfromsilk false)
      (outputformat 1)
      (mirror false)
      (drillshape 0)
      (scaleselection 1)
      (outputdirectory "gerber/"))
  )

  (net 0 "")
  (net 1 "Net-(TP4-Pad1)")
  (net 2 +1V8)
  (net 3 "Net-(TP2-Pad1)")
  (net 4 +5V)
  (net 5 +3V3)
  (net 6 /~PRG)
  (net 7 GND)
  (net 8 /TCK)
  (net 9 /TMS)
  (net 10 /TDI)
  (net 11 /RA14)
  (net 12 /RA15)
  (net 13 /RA16)
  (net 14 /RA17)
  (net 15 /~RWR)
  (net 16 /~RES)
  (net 17 /D0)
  (net 18 /D1)
  (net 19 /D2)
  (net 20 /D3)
  (net 21 /D4)
  (net 22 /D5)
  (net 23 /D6)
  (net 24 /D7)
  (net 25 "Net-(U1-Pad31)")
  (net 26 "Net-(U1-Pad32)")
  (net 27 /TDO)
  (net 28 "Net-(U1-Pad38)")
  (net 29 "Net-(U1-Pad39)")
  (net 30 "Net-(U1-Pad40)")
  (net 31 /~WR)
  (net 32 /A12)
  (net 33 /A13)
  (net 34 /A14)
  (net 35 /A15)
  (net 36 "Net-(JP2-Pad2)")
  (net 37 /A7)
  (net 38 /A6)
  (net 39 /A5)
  (net 40 /A4)
  (net 41 /A3)
  (net 42 /A2)
  (net 43 /A1)
  (net 44 /A0)
  (net 45 /A10)
  (net 46 /~RD)
  (net 47 /A11)
  (net 48 /A9)
  (net 49 /A8)
  (net 50 "Net-(JP1-Pad2)")
  (net 51 "Net-(J2-Pad5)")
  (net 52 "Net-(J2-Pad2)")
  (net 53 "Net-(J1-Pad6)")
  (net 54 "Net-(J1-Pad7)")
  (net 55 "Net-(J1-Pad8)")
  (net 56 "Net-(U1-Pad28)")
  (net 57 "Net-(U1-Pad45)")
  (net 58 "Net-(U1-Pad47)")
  (net 59 "Net-(U1-Pad48)")
  (net 60 "Net-(U1-Pad4)")
  (net 61 "Net-(U1-Pad7)")
  (net 62 "Net-(U1-Pad41)")

  (net_class Default "This is the default net class."
    (clearance 0.2)
    (trace_width 0.32)
    (via_dia 0.6)
    (via_drill 0.4)
    (uvia_dia 0.3)
    (uvia_drill 0.1)
    (add_net +1V8)
    (add_net +3V3)
    (add_net +5V)
    (add_net /A0)
    (add_net /A1)
    (add_net /A10)
    (add_net /A11)
    (add_net /A12)
    (add_net /A13)
    (add_net /A14)
    (add_net /A15)
    (add_net /A2)
    (add_net /A3)
    (add_net /A4)
    (add_net /A5)
    (add_net /A6)
    (add_net /A7)
    (add_net /A8)
    (add_net /A9)
    (add_net /D0)
    (add_net /D1)
    (add_net /D2)
    (add_net /D3)
    (add_net /D4)
    (add_net /D5)
    (add_net /D6)
    (add_net /D7)
    (add_net /RA14)
    (add_net /RA15)
    (add_net /RA16)
    (add_net /RA17)
    (add_net /TCK)
    (add_net /TDI)
    (add_net /TDO)
    (add_net /TMS)
    (add_net /~PRG)
    (add_net /~RD)
    (add_net /~RES)
    (add_net /~RWR)
    (add_net /~WR)
    (add_net GND)
    (add_net "Net-(J1-Pad6)")
    (add_net "Net-(J1-Pad7)")
    (add_net "Net-(J1-Pad8)")
    (add_net "Net-(J2-Pad2)")
    (add_net "Net-(J2-Pad5)")
    (add_net "Net-(JP1-Pad2)")
    (add_net "Net-(JP2-Pad2)")
    (add_net "Net-(TP2-Pad1)")
    (add_net "Net-(TP4-Pad1)")
    (add_net "Net-(U1-Pad28)")
    (add_net "Net-(U1-Pad31)")
    (add_net "Net-(U1-Pad32)")
    (add_net "Net-(U1-Pad38)")
    (add_net "Net-(U1-Pad39)")
    (add_net "Net-(U1-Pad4)")
    (add_net "Net-(U1-Pad40)")
    (add_net "Net-(U1-Pad41)")
    (add_net "Net-(U1-Pad45)")
    (add_net "Net-(U1-Pad47)")
    (add_net "Net-(U1-Pad48)")
    (add_net "Net-(U1-Pad7)")
  )

  (module Capacitor_SMD:C_0603_1608Metric (layer F.Cu) (tedit 5B301BBE) (tstamp 5BDC3EA2)
    (at 86.162732 69.20596 180)
    (descr "Capacitor SMD 0603 (1608 Metric), square (rectangular) end terminal, IPC_7351 nominal, (Body size source: http://www.tortai-tech.com/upload/download/2011102023233369053.pdf), generated with kicad-footprint-generator")
    (tags capacitor)
    (path /5BD3A555)
    (attr smd)
    (fp_text reference C4 (at 0 -1.43 180) (layer F.SilkS)
      (effects (font (size 1 1) (thickness 0.15)))
    )
    (fp_text value 0.1uF (at 0 1.43 180) (layer F.Fab)
      (effects (font (size 1 1) (thickness 0.15)))
    )
    (fp_line (start -0.8 0.4) (end -0.8 -0.4) (layer F.Fab) (width 0.1))
    (fp_line (start -0.8 -0.4) (end 0.8 -0.4) (layer F.Fab) (width 0.1))
    (fp_line (start 0.8 -0.4) (end 0.8 0.4) (layer F.Fab) (width 0.1))
    (fp_line (start 0.8 0.4) (end -0.8 0.4) (layer F.Fab) (width 0.1))
    (fp_line (start -0.162779 -0.51) (end 0.162779 -0.51) (layer F.SilkS) (width 0.12))
    (fp_line (start -0.162779 0.51) (end 0.162779 0.51) (layer F.SilkS) (width 0.12))
    (fp_line (start -1.48 0.73) (end -1.48 -0.73) (layer F.CrtYd) (width 0.05))
    (fp_line (start -1.48 -0.73) (end 1.48 -0.73) (layer F.CrtYd) (width 0.05))
    (fp_line (start 1.48 -0.73) (end 1.48 0.73) (layer F.CrtYd) (width 0.05))
    (fp_line (start 1.48 0.73) (end -1.48 0.73) (layer F.CrtYd) (width 0.05))
    (fp_text user %R (at 0 0 180) (layer F.Fab)
      (effects (font (size 0.4 0.4) (thickness 0.06)))
    )
    (pad 1 smd roundrect (at -0.7875 0 180) (size 0.875 0.95) (layers F.Cu F.Paste F.Mask) (roundrect_rratio 0.25)
      (net 4 +5V))
    (pad 2 smd roundrect (at 0.7875 0 180) (size 0.875 0.95) (layers F.Cu F.Paste F.Mask) (roundrect_rratio 0.25)
      (net 7 GND))
    (model ${KISYS3DMOD}/Capacitor_SMD.3dshapes/C_0603_1608Metric.wrl
      (at (xyz 0 0 0))
      (scale (xyz 1 1 1))
      (rotate (xyz 0 0 0))
    )
  )

  (module Capacitor_SMD:C_0603_1608Metric (layer F.Cu) (tedit 5B301BBE) (tstamp 5BDC3E91)
    (at 118.9 55.1 270)
    (descr "Capacitor SMD 0603 (1608 Metric), square (rectangular) end terminal, IPC_7351 nominal, (Body size source: http://www.tortai-tech.com/upload/download/2011102023233369053.pdf), generated with kicad-footprint-generator")
    (tags capacitor)
    (path /5C05C6A6)
    (attr smd)
    (fp_text reference C6 (at 2.3 0) (layer F.SilkS)
      (effects (font (size 1 1) (thickness 0.15)))
    )
    (fp_text value 0.1uF (at 3.7 -0.1) (layer F.Fab)
      (effects (font (size 1 1) (thickness 0.15)))
    )
    (fp_text user %R (at 0 0 270) (layer F.Fab)
      (effects (font (size 0.4 0.4) (thickness 0.06)))
    )
    (fp_line (start 1.48 0.73) (end -1.48 0.73) (layer F.CrtYd) (width 0.05))
    (fp_line (start 1.48 -0.73) (end 1.48 0.73) (layer F.CrtYd) (width 0.05))
    (fp_line (start -1.48 -0.73) (end 1.48 -0.73) (layer F.CrtYd) (width 0.05))
    (fp_line (start -1.48 0.73) (end -1.48 -0.73) (layer F.CrtYd) (width 0.05))
    (fp_line (start -0.162779 0.51) (end 0.162779 0.51) (layer F.SilkS) (width 0.12))
    (fp_line (start -0.162779 -0.51) (end 0.162779 -0.51) (layer F.SilkS) (width 0.12))
    (fp_line (start 0.8 0.4) (end -0.8 0.4) (layer F.Fab) (width 0.1))
    (fp_line (start 0.8 -0.4) (end 0.8 0.4) (layer F.Fab) (width 0.1))
    (fp_line (start -0.8 -0.4) (end 0.8 -0.4) (layer F.Fab) (width 0.1))
    (fp_line (start -0.8 0.4) (end -0.8 -0.4) (layer F.Fab) (width 0.1))
    (pad 2 smd roundrect (at 0.7875 0 270) (size 0.875 0.95) (layers F.Cu F.Paste F.Mask) (roundrect_rratio 0.25)
      (net 7 GND))
    (pad 1 smd roundrect (at -0.7875 0 270) (size 0.875 0.95) (layers F.Cu F.Paste F.Mask) (roundrect_rratio 0.25)
      (net 5 +3V3))
    (model ${KISYS3DMOD}/Capacitor_SMD.3dshapes/C_0603_1608Metric.wrl
      (at (xyz 0 0 0))
      (scale (xyz 1 1 1))
      (rotate (xyz 0 0 0))
    )
  )

  (module Capacitor_SMD:C_0603_1608Metric (layer F.Cu) (tedit 5B301BBE) (tstamp 5BDC3E80)
    (at 106.7 54.1 90)
    (descr "Capacitor SMD 0603 (1608 Metric), square (rectangular) end terminal, IPC_7351 nominal, (Body size source: http://www.tortai-tech.com/upload/download/2011102023233369053.pdf), generated with kicad-footprint-generator")
    (tags capacitor)
    (path /5BD3C674)
    (attr smd)
    (fp_text reference C7 (at 0 -2.5 180) (layer F.SilkS)
      (effects (font (size 1 1) (thickness 0.15)))
    )
    (fp_text value 0.1uF (at -1.4 -3.7 180) (layer F.Fab)
      (effects (font (size 1 1) (thickness 0.15)))
    )
    (fp_line (start -0.8 0.4) (end -0.8 -0.4) (layer F.Fab) (width 0.1))
    (fp_line (start -0.8 -0.4) (end 0.8 -0.4) (layer F.Fab) (width 0.1))
    (fp_line (start 0.8 -0.4) (end 0.8 0.4) (layer F.Fab) (width 0.1))
    (fp_line (start 0.8 0.4) (end -0.8 0.4) (layer F.Fab) (width 0.1))
    (fp_line (start -0.162779 -0.51) (end 0.162779 -0.51) (layer F.SilkS) (width 0.12))
    (fp_line (start -0.162779 0.51) (end 0.162779 0.51) (layer F.SilkS) (width 0.12))
    (fp_line (start -1.48 0.73) (end -1.48 -0.73) (layer F.CrtYd) (width 0.05))
    (fp_line (start -1.48 -0.73) (end 1.48 -0.73) (layer F.CrtYd) (width 0.05))
    (fp_line (start 1.48 -0.73) (end 1.48 0.73) (layer F.CrtYd) (width 0.05))
    (fp_line (start 1.48 0.73) (end -1.48 0.73) (layer F.CrtYd) (width 0.05))
    (fp_text user %R (at 0 0 90) (layer F.Fab)
      (effects (font (size 0.4 0.4) (thickness 0.06)))
    )
    (pad 1 smd roundrect (at -0.7875 0 90) (size 0.875 0.95) (layers F.Cu F.Paste F.Mask) (roundrect_rratio 0.25)
      (net 5 +3V3))
    (pad 2 smd roundrect (at 0.7875 0 90) (size 0.875 0.95) (layers F.Cu F.Paste F.Mask) (roundrect_rratio 0.25)
      (net 7 GND))
    (model ${KISYS3DMOD}/Capacitor_SMD.3dshapes/C_0603_1608Metric.wrl
      (at (xyz 0 0 0))
      (scale (xyz 1 1 1))
      (rotate (xyz 0 0 0))
    )
  )

  (module Capacitor_SMD:C_0603_1608Metric (layer F.Cu) (tedit 5B301BBE) (tstamp 5BD42A5A)
    (at 106.7 58.4 270)
    (descr "Capacitor SMD 0603 (1608 Metric), square (rectangular) end terminal, IPC_7351 nominal, (Body size source: http://www.tortai-tech.com/upload/download/2011102023233369053.pdf), generated with kicad-footprint-generator")
    (tags capacitor)
    (path /5BD3E2EC)
    (attr smd)
    (fp_text reference C9 (at 0 2.3) (layer F.SilkS)
      (effects (font (size 1 1) (thickness 0.15)))
    )
    (fp_text value 0.1uF (at 1.8 2.9) (layer F.Fab)
      (effects (font (size 1 1) (thickness 0.15)))
    )
    (fp_text user %R (at 0 0 270) (layer F.Fab)
      (effects (font (size 0.4 0.4) (thickness 0.06)))
    )
    (fp_line (start 1.48 0.73) (end -1.48 0.73) (layer F.CrtYd) (width 0.05))
    (fp_line (start 1.48 -0.73) (end 1.48 0.73) (layer F.CrtYd) (width 0.05))
    (fp_line (start -1.48 -0.73) (end 1.48 -0.73) (layer F.CrtYd) (width 0.05))
    (fp_line (start -1.48 0.73) (end -1.48 -0.73) (layer F.CrtYd) (width 0.05))
    (fp_line (start -0.162779 0.51) (end 0.162779 0.51) (layer F.SilkS) (width 0.12))
    (fp_line (start -0.162779 -0.51) (end 0.162779 -0.51) (layer F.SilkS) (width 0.12))
    (fp_line (start 0.8 0.4) (end -0.8 0.4) (layer F.Fab) (width 0.1))
    (fp_line (start 0.8 -0.4) (end 0.8 0.4) (layer F.Fab) (width 0.1))
    (fp_line (start -0.8 -0.4) (end 0.8 -0.4) (layer F.Fab) (width 0.1))
    (fp_line (start -0.8 0.4) (end -0.8 -0.4) (layer F.Fab) (width 0.1))
    (pad 2 smd roundrect (at 0.7875 0 270) (size 0.875 0.95) (layers F.Cu F.Paste F.Mask) (roundrect_rratio 0.25)
      (net 7 GND))
    (pad 1 smd roundrect (at -0.7875 0 270) (size 0.875 0.95) (layers F.Cu F.Paste F.Mask) (roundrect_rratio 0.25)
      (net 2 +1V8))
    (model ${KISYS3DMOD}/Capacitor_SMD.3dshapes/C_0603_1608Metric.wrl
      (at (xyz 0 0 0))
      (scale (xyz 1 1 1))
      (rotate (xyz 0 0 0))
    )
  )

  (module Capacitor_SMD:C_0603_1608Metric (layer F.Cu) (tedit 5B301BBE) (tstamp 5BDC3E5E)
    (at 118.9 50.8 90)
    (descr "Capacitor SMD 0603 (1608 Metric), square (rectangular) end terminal, IPC_7351 nominal, (Body size source: http://www.tortai-tech.com/upload/download/2011102023233369053.pdf), generated with kicad-footprint-generator")
    (tags capacitor)
    (path /5C0651D5)
    (attr smd)
    (fp_text reference C10 (at 2.2 -0.1 180) (layer F.SilkS)
      (effects (font (size 1 1) (thickness 0.15)))
    )
    (fp_text value 0.1uF (at -2.2 0 180) (layer F.Fab)
      (effects (font (size 1 1) (thickness 0.15)))
    )
    (fp_line (start -0.8 0.4) (end -0.8 -0.4) (layer F.Fab) (width 0.1))
    (fp_line (start -0.8 -0.4) (end 0.8 -0.4) (layer F.Fab) (width 0.1))
    (fp_line (start 0.8 -0.4) (end 0.8 0.4) (layer F.Fab) (width 0.1))
    (fp_line (start 0.8 0.4) (end -0.8 0.4) (layer F.Fab) (width 0.1))
    (fp_line (start -0.162779 -0.51) (end 0.162779 -0.51) (layer F.SilkS) (width 0.12))
    (fp_line (start -0.162779 0.51) (end 0.162779 0.51) (layer F.SilkS) (width 0.12))
    (fp_line (start -1.48 0.73) (end -1.48 -0.73) (layer F.CrtYd) (width 0.05))
    (fp_line (start -1.48 -0.73) (end 1.48 -0.73) (layer F.CrtYd) (width 0.05))
    (fp_line (start 1.48 -0.73) (end 1.48 0.73) (layer F.CrtYd) (width 0.05))
    (fp_line (start 1.48 0.73) (end -1.48 0.73) (layer F.CrtYd) (width 0.05))
    (fp_text user %R (at 0 0 90) (layer F.Fab)
      (effects (font (size 0.4 0.4) (thickness 0.06)))
    )
    (pad 1 smd roundrect (at -0.7875 0 90) (size 0.875 0.95) (layers F.Cu F.Paste F.Mask) (roundrect_rratio 0.25)
      (net 2 +1V8))
    (pad 2 smd roundrect (at 0.7875 0 90) (size 0.875 0.95) (layers F.Cu F.Paste F.Mask) (roundrect_rratio 0.25)
      (net 7 GND))
    (model ${KISYS3DMOD}/Capacitor_SMD.3dshapes/C_0603_1608Metric.wrl
      (at (xyz 0 0 0))
      (scale (xyz 1 1 1))
      (rotate (xyz 0 0 0))
    )
  )

  (module Capacitor_SMD:C_0805_2012Metric (layer F.Cu) (tedit 5B36C52B) (tstamp 5BD3A52D)
    (at 78.4 47.1 90)
    (descr "Capacitor SMD 0805 (2012 Metric), square (rectangular) end terminal, IPC_7351 nominal, (Body size source: https://docs.google.com/spreadsheets/d/1BsfQQcO9C6DZCsRaXUlFlo91Tg2WpOkGARC1WS5S8t0/edit?usp=sharing), generated with kicad-footprint-generator")
    (tags capacitor)
    (path /5BD37897)
    (attr smd)
    (fp_text reference C2 (at 3.2 0 180) (layer F.SilkS)
      (effects (font (size 1 1) (thickness 0.15)))
    )
    (fp_text value 1uF (at 5 0.4 180) (layer F.Fab)
      (effects (font (size 1 1) (thickness 0.15)))
    )
    (fp_line (start -1 0.6) (end -1 -0.6) (layer F.Fab) (width 0.1))
    (fp_line (start -1 -0.6) (end 1 -0.6) (layer F.Fab) (width 0.1))
    (fp_line (start 1 -0.6) (end 1 0.6) (layer F.Fab) (width 0.1))
    (fp_line (start 1 0.6) (end -1 0.6) (layer F.Fab) (width 0.1))
    (fp_line (start -0.258578 -0.71) (end 0.258578 -0.71) (layer F.SilkS) (width 0.12))
    (fp_line (start -0.258578 0.71) (end 0.258578 0.71) (layer F.SilkS) (width 0.12))
    (fp_line (start -1.68 0.95) (end -1.68 -0.95) (layer F.CrtYd) (width 0.05))
    (fp_line (start -1.68 -0.95) (end 1.68 -0.95) (layer F.CrtYd) (width 0.05))
    (fp_line (start 1.68 -0.95) (end 1.68 0.95) (layer F.CrtYd) (width 0.05))
    (fp_line (start 1.68 0.95) (end -1.68 0.95) (layer F.CrtYd) (width 0.05))
    (fp_text user %R (at 0 0 90) (layer F.Fab)
      (effects (font (size 0.5 0.5) (thickness 0.08)))
    )
    (pad 1 smd roundrect (at -0.9375 0 90) (size 0.975 1.4) (layers F.Cu F.Paste F.Mask) (roundrect_rratio 0.25)
      (net 2 +1V8))
    (pad 2 smd roundrect (at 0.9375 0 90) (size 0.975 1.4) (layers F.Cu F.Paste F.Mask) (roundrect_rratio 0.25)
      (net 7 GND))
    (model ${KISYS3DMOD}/Capacitor_SMD.3dshapes/C_0805_2012Metric.wrl
      (at (xyz 0 0 0))
      (scale (xyz 1 1 1))
      (rotate (xyz 0 0 0))
    )
  )

  (module Capacitor_SMD:C_0805_2012Metric (layer F.Cu) (tedit 5B36C52B) (tstamp 5BDC5383)
    (at 76.3 47.1 90)
    (descr "Capacitor SMD 0805 (2012 Metric), square (rectangular) end terminal, IPC_7351 nominal, (Body size source: https://docs.google.com/spreadsheets/d/1BsfQQcO9C6DZCsRaXUlFlo91Tg2WpOkGARC1WS5S8t0/edit?usp=sharing), generated with kicad-footprint-generator")
    (tags capacitor)
    (path /5BD3791B)
    (attr smd)
    (fp_text reference C3 (at 3.2 0 180) (layer F.SilkS)
      (effects (font (size 1 1) (thickness 0.15)))
    )
    (fp_text value 1uF (at 4.9 -0.5 180) (layer F.Fab)
      (effects (font (size 1 1) (thickness 0.15)))
    )
    (fp_text user %R (at 0 0 90) (layer F.Fab)
      (effects (font (size 0.5 0.5) (thickness 0.08)))
    )
    (fp_line (start 1.68 0.95) (end -1.68 0.95) (layer F.CrtYd) (width 0.05))
    (fp_line (start 1.68 -0.95) (end 1.68 0.95) (layer F.CrtYd) (width 0.05))
    (fp_line (start -1.68 -0.95) (end 1.68 -0.95) (layer F.CrtYd) (width 0.05))
    (fp_line (start -1.68 0.95) (end -1.68 -0.95) (layer F.CrtYd) (width 0.05))
    (fp_line (start -0.258578 0.71) (end 0.258578 0.71) (layer F.SilkS) (width 0.12))
    (fp_line (start -0.258578 -0.71) (end 0.258578 -0.71) (layer F.SilkS) (width 0.12))
    (fp_line (start 1 0.6) (end -1 0.6) (layer F.Fab) (width 0.1))
    (fp_line (start 1 -0.6) (end 1 0.6) (layer F.Fab) (width 0.1))
    (fp_line (start -1 -0.6) (end 1 -0.6) (layer F.Fab) (width 0.1))
    (fp_line (start -1 0.6) (end -1 -0.6) (layer F.Fab) (width 0.1))
    (pad 2 smd roundrect (at 0.9375 0 90) (size 0.975 1.4) (layers F.Cu F.Paste F.Mask) (roundrect_rratio 0.25)
      (net 7 GND))
    (pad 1 smd roundrect (at -0.9375 0 90) (size 0.975 1.4) (layers F.Cu F.Paste F.Mask) (roundrect_rratio 0.25)
      (net 5 +3V3))
    (model ${KISYS3DMOD}/Capacitor_SMD.3dshapes/C_0805_2012Metric.wrl
      (at (xyz 0 0 0))
      (scale (xyz 1 1 1))
      (rotate (xyz 0 0 0))
    )
  )

  (module Capacitor_SMD:C_0805_2012Metric (layer F.Cu) (tedit 5B36C52B) (tstamp 5BDC3E2B)
    (at 121.6 55.1 270)
    (descr "Capacitor SMD 0805 (2012 Metric), square (rectangular) end terminal, IPC_7351 nominal, (Body size source: https://docs.google.com/spreadsheets/d/1BsfQQcO9C6DZCsRaXUlFlo91Tg2WpOkGARC1WS5S8t0/edit?usp=sharing), generated with kicad-footprint-generator")
    (tags capacitor)
    (path /5BD3BDCF)
    (attr smd)
    (fp_text reference C5 (at 2.5 0) (layer F.SilkS)
      (effects (font (size 1 1) (thickness 0.15)))
    )
    (fp_text value 1uF (at 0 -2.3) (layer F.Fab)
      (effects (font (size 1 1) (thickness 0.15)))
    )
    (fp_line (start -1 0.6) (end -1 -0.6) (layer F.Fab) (width 0.1))
    (fp_line (start -1 -0.6) (end 1 -0.6) (layer F.Fab) (width 0.1))
    (fp_line (start 1 -0.6) (end 1 0.6) (layer F.Fab) (width 0.1))
    (fp_line (start 1 0.6) (end -1 0.6) (layer F.Fab) (width 0.1))
    (fp_line (start -0.258578 -0.71) (end 0.258578 -0.71) (layer F.SilkS) (width 0.12))
    (fp_line (start -0.258578 0.71) (end 0.258578 0.71) (layer F.SilkS) (width 0.12))
    (fp_line (start -1.68 0.95) (end -1.68 -0.95) (layer F.CrtYd) (width 0.05))
    (fp_line (start -1.68 -0.95) (end 1.68 -0.95) (layer F.CrtYd) (width 0.05))
    (fp_line (start 1.68 -0.95) (end 1.68 0.95) (layer F.CrtYd) (width 0.05))
    (fp_line (start 1.68 0.95) (end -1.68 0.95) (layer F.CrtYd) (width 0.05))
    (fp_text user %R (at 0 0 270) (layer F.Fab)
      (effects (font (size 0.5 0.5) (thickness 0.08)))
    )
    (pad 1 smd roundrect (at -0.9375 0 270) (size 0.975 1.4) (layers F.Cu F.Paste F.Mask) (roundrect_rratio 0.25)
      (net 5 +3V3))
    (pad 2 smd roundrect (at 0.9375 0 270) (size 0.975 1.4) (layers F.Cu F.Paste F.Mask) (roundrect_rratio 0.25)
      (net 7 GND))
    (model ${KISYS3DMOD}/Capacitor_SMD.3dshapes/C_0805_2012Metric.wrl
      (at (xyz 0 0 0))
      (scale (xyz 1 1 1))
      (rotate (xyz 0 0 0))
    )
  )

  (module Capacitor_SMD:C_0805_2012Metric (layer F.Cu) (tedit 5B36C52B) (tstamp 5BDC3E1A)
    (at 121.6 50.6 90)
    (descr "Capacitor SMD 0805 (2012 Metric), square (rectangular) end terminal, IPC_7351 nominal, (Body size source: https://docs.google.com/spreadsheets/d/1BsfQQcO9C6DZCsRaXUlFlo91Tg2WpOkGARC1WS5S8t0/edit?usp=sharing), generated with kicad-footprint-generator")
    (tags capacitor)
    (path /5BD3D919)
    (attr smd)
    (fp_text reference C8 (at 2.3 0 180) (layer F.SilkS)
      (effects (font (size 1 1) (thickness 0.15)))
    )
    (fp_text value 1uF (at 0 2.7 180) (layer F.Fab)
      (effects (font (size 1 1) (thickness 0.15)))
    )
    (fp_text user %R (at 0 0 90) (layer F.Fab)
      (effects (font (size 0.5 0.5) (thickness 0.08)))
    )
    (fp_line (start 1.68 0.95) (end -1.68 0.95) (layer F.CrtYd) (width 0.05))
    (fp_line (start 1.68 -0.95) (end 1.68 0.95) (layer F.CrtYd) (width 0.05))
    (fp_line (start -1.68 -0.95) (end 1.68 -0.95) (layer F.CrtYd) (width 0.05))
    (fp_line (start -1.68 0.95) (end -1.68 -0.95) (layer F.CrtYd) (width 0.05))
    (fp_line (start -0.258578 0.71) (end 0.258578 0.71) (layer F.SilkS) (width 0.12))
    (fp_line (start -0.258578 -0.71) (end 0.258578 -0.71) (layer F.SilkS) (width 0.12))
    (fp_line (start 1 0.6) (end -1 0.6) (layer F.Fab) (width 0.1))
    (fp_line (start 1 -0.6) (end 1 0.6) (layer F.Fab) (width 0.1))
    (fp_line (start -1 -0.6) (end 1 -0.6) (layer F.Fab) (width 0.1))
    (fp_line (start -1 0.6) (end -1 -0.6) (layer F.Fab) (width 0.1))
    (pad 2 smd roundrect (at 0.9375 0 90) (size 0.975 1.4) (layers F.Cu F.Paste F.Mask) (roundrect_rratio 0.25)
      (net 7 GND))
    (pad 1 smd roundrect (at -0.9375 0 90) (size 0.975 1.4) (layers F.Cu F.Paste F.Mask) (roundrect_rratio 0.25)
      (net 2 +1V8))
    (model ${KISYS3DMOD}/Capacitor_SMD.3dshapes/C_0805_2012Metric.wrl
      (at (xyz 0 0 0))
      (scale (xyz 1 1 1))
      (rotate (xyz 0 0 0))
    )
  )

  (module Capacitor_SMD:C_0805_2012Metric (layer F.Cu) (tedit 5B36C52B) (tstamp 5BD2E933)
    (at 77.6 56.15)
    (descr "Capacitor SMD 0805 (2012 Metric), square (rectangular) end terminal, IPC_7351 nominal, (Body size source: https://docs.google.com/spreadsheets/d/1BsfQQcO9C6DZCsRaXUlFlo91Tg2WpOkGARC1WS5S8t0/edit?usp=sharing), generated with kicad-footprint-generator")
    (tags capacitor)
    (path /5BD37691)
    (attr smd)
    (fp_text reference C1 (at 0.95 -1.65) (layer F.SilkS)
      (effects (font (size 1 1) (thickness 0.15)))
    )
    (fp_text value 1uF (at 3.5 -1.05) (layer F.Fab)
      (effects (font (size 1 1) (thickness 0.15)))
    )
    (fp_line (start -1 0.6) (end -1 -0.6) (layer F.Fab) (width 0.1))
    (fp_line (start -1 -0.6) (end 1 -0.6) (layer F.Fab) (width 0.1))
    (fp_line (start 1 -0.6) (end 1 0.6) (layer F.Fab) (width 0.1))
    (fp_line (start 1 0.6) (end -1 0.6) (layer F.Fab) (width 0.1))
    (fp_line (start -0.258578 -0.71) (end 0.258578 -0.71) (layer F.SilkS) (width 0.12))
    (fp_line (start -0.258578 0.71) (end 0.258578 0.71) (layer F.SilkS) (width 0.12))
    (fp_line (start -1.68 0.95) (end -1.68 -0.95) (layer F.CrtYd) (width 0.05))
    (fp_line (start -1.68 -0.95) (end 1.68 -0.95) (layer F.CrtYd) (width 0.05))
    (fp_line (start 1.68 -0.95) (end 1.68 0.95) (layer F.CrtYd) (width 0.05))
    (fp_line (start 1.68 0.95) (end -1.68 0.95) (layer F.CrtYd) (width 0.05))
    (fp_text user %R (at 0 0) (layer F.Fab)
      (effects (font (size 0.5 0.5) (thickness 0.08)))
    )
    (pad 1 smd roundrect (at -0.9375 0) (size 0.975 1.4) (layers F.Cu F.Paste F.Mask) (roundrect_rratio 0.25)
      (net 4 +5V))
    (pad 2 smd roundrect (at 0.9375 0) (size 0.975 1.4) (layers F.Cu F.Paste F.Mask) (roundrect_rratio 0.25)
      (net 7 GND))
    (model ${KISYS3DMOD}/Capacitor_SMD.3dshapes/C_0805_2012Metric.wrl
      (at (xyz 0 0 0))
      (scale (xyz 1 1 1))
      (rotate (xyz 0 0 0))
    )
  )

  (module Connector_PinHeader_1.27mm:PinHeader_2x05_P1.27mm_Vertical (layer F.Cu) (tedit 5BD2D7F0) (tstamp 5BDC3DF8)
    (at 112.7 44.8 90)
    (descr "Through hole straight pin header, 2x05, 1.27mm pitch, double rows")
    (tags "Through hole pin header THT 2x05 1.27mm double row")
    (path /5C0806A5)
    (fp_text reference J1 (at 0.635 -1.695 90) (layer F.SilkS)
      (effects (font (size 1 1) (thickness 0.15)))
    )
    (fp_text value Conn_02x05_Odd_Even (at 0.635 6.775 90) (layer F.Fab) hide
      (effects (font (size 1 1) (thickness 0.15)))
    )
    (fp_line (start -0.2175 -0.635) (end 2.34 -0.635) (layer F.Fab) (width 0.1))
    (fp_line (start 2.34 -0.635) (end 2.34 5.715) (layer F.Fab) (width 0.1))
    (fp_line (start 2.34 5.715) (end -1.07 5.715) (layer F.Fab) (width 0.1))
    (fp_line (start -1.07 5.715) (end -1.07 0.2175) (layer F.Fab) (width 0.1))
    (fp_line (start -1.07 0.2175) (end -0.2175 -0.635) (layer F.Fab) (width 0.1))
    (fp_line (start -1.13 5.775) (end -0.30753 5.775) (layer F.SilkS) (width 0.12))
    (fp_line (start 1.57753 5.775) (end 2.4 5.775) (layer F.SilkS) (width 0.12))
    (fp_line (start 0.30753 5.775) (end 0.96247 5.775) (layer F.SilkS) (width 0.12))
    (fp_line (start -1.13 0.76) (end -1.13 5.775) (layer F.SilkS) (width 0.12))
    (fp_line (start 2.4 -0.695) (end 2.4 5.775) (layer F.SilkS) (width 0.12))
    (fp_line (start -1.13 0.76) (end -0.563471 0.76) (layer F.SilkS) (width 0.12))
    (fp_line (start 0.563471 0.76) (end 0.706529 0.76) (layer F.SilkS) (width 0.12))
    (fp_line (start 0.76 0.706529) (end 0.76 0.563471) (layer F.SilkS) (width 0.12))
    (fp_line (start 0.76 -0.563471) (end 0.76 -0.695) (layer F.SilkS) (width 0.12))
    (fp_line (start 0.76 -0.695) (end 0.96247 -0.695) (layer F.SilkS) (width 0.12))
    (fp_line (start 1.57753 -0.695) (end 2.4 -0.695) (layer F.SilkS) (width 0.12))
    (fp_line (start -1.13 0) (end -1.13 -0.76) (layer F.SilkS) (width 0.12))
    (fp_line (start -1.13 -0.76) (end 0 -0.76) (layer F.SilkS) (width 0.12))
    (fp_line (start -1.6 -1.15) (end -1.6 6.25) (layer F.CrtYd) (width 0.05))
    (fp_line (start -1.6 6.25) (end 2.85 6.25) (layer F.CrtYd) (width 0.05))
    (fp_line (start 2.85 6.25) (end 2.85 -1.15) (layer F.CrtYd) (width 0.05))
    (fp_line (start 2.85 -1.15) (end -1.6 -1.15) (layer F.CrtYd) (width 0.05))
    (fp_text user %R (at 0.635 2.54 180) (layer F.Fab)
      (effects (font (size 1 1) (thickness 0.15)))
    )
    (pad 1 thru_hole rect (at 0 0 90) (size 1 1) (drill 0.65) (layers *.Cu *.Mask)
      (net 8 /TCK))
    (pad 2 thru_hole oval (at 1.27 0 90) (size 1 1) (drill 0.65) (layers *.Cu *.Mask)
      (net 7 GND))
    (pad 3 thru_hole oval (at 0 1.27 90) (size 1 1) (drill 0.65) (layers *.Cu *.Mask)
      (net 27 /TDO))
    (pad 4 thru_hole oval (at 1.27 1.27 90) (size 1 1) (drill 0.65) (layers *.Cu *.Mask)
      (net 2 +1V8))
    (pad 5 thru_hole oval (at 0 2.54 90) (size 1 1) (drill 0.65) (layers *.Cu *.Mask)
      (net 9 /TMS))
    (pad 6 thru_hole oval (at 1.27 2.54 90) (size 1 1) (drill 0.65) (layers *.Cu *.Mask)
      (net 53 "Net-(J1-Pad6)"))
    (pad 7 thru_hole oval (at 0 3.81 90) (size 1 1) (drill 0.65) (layers *.Cu *.Mask)
      (net 54 "Net-(J1-Pad7)"))
    (pad 8 thru_hole oval (at 1.27 3.81 90) (size 1 1) (drill 0.65) (layers *.Cu *.Mask)
      (net 55 "Net-(J1-Pad8)"))
    (pad 9 thru_hole oval (at 0 5.08 90) (size 1 1) (drill 0.65) (layers *.Cu *.Mask)
      (net 10 /TDI))
    (pad 10 thru_hole oval (at 1.27 5.08 90) (size 1 1) (drill 0.65) (layers *.Cu *.Mask)
      (net 7 GND))
    (model ${KISYS3DMOD}/Connector_PinHeader_1.27mm.3dshapes/PinHeader_2x05_P1.27mm_Vertical.wrl
      (at (xyz 0 0 0))
      (scale (xyz 1 1 1))
      (rotate (xyz 0 0 0))
    )
  )

  (module Gekkio_Connector_PCBEdge:GameBoy_Cartridge_1x32_P1.50mm_Edge (layer F.Cu) (tedit 5BD2D892) (tstamp 5BDC3DD3)
    (at 100 96)
    (descr "Game Boy cartridge edge connector")
    (tags "gameboy cartridge")
    (path /5BD37094)
    (attr virtual)
    (fp_text reference J2 (at 0 -6) (layer F.SilkS) hide
      (effects (font (size 1 1) (thickness 0.15)))
    )
    (fp_text value GameBoy_Cartridge (at 0 -8) (layer F.Fab) hide
      (effects (font (size 1 1) (thickness 0.15)))
    )
    (fp_line (start 24.6 -3.5) (end 24.6 3.5) (layer F.CrtYd) (width 0.05))
    (fp_line (start 24.6 3.5) (end -24.6 3.5) (layer F.CrtYd) (width 0.05))
    (fp_line (start -24.6 3.5) (end -24.6 -3.5) (layer F.CrtYd) (width 0.05))
    (fp_line (start -24.6 -3.5) (end 24.6 -3.5) (layer F.CrtYd) (width 0.05))
    (fp_line (start -24.6 -4.6) (end -25.7 -4.6) (layer F.Fab) (width 0.1))
    (fp_line (start -25.7 -4.6) (end -25.7 -7) (layer F.Fab) (width 0.1))
    (fp_line (start 24.6 -4.6) (end 25.7 -4.6) (layer F.Fab) (width 0.1))
    (fp_line (start 25.7 -4.6) (end 25.7 -7) (layer F.Fab) (width 0.1))
    (fp_line (start 24.6 4) (end 24.6 -4.6) (layer F.Fab) (width 0.1))
    (fp_line (start -24.6 4) (end -24.6 -4.6) (layer F.Fab) (width 0.1))
    (fp_line (start -24.6 4) (end 24.6 4) (layer F.Fab) (width 0.1))
    (fp_text user %R (at 0 3) (layer F.Fab)
      (effects (font (size 0.6 0.6) (thickness 0.08)))
    )
    (fp_text user 32 (at 23.2 -4.5) (layer F.SilkS)
      (effects (font (size 1 1) (thickness 0.15)))
    )
    (fp_text user 1 (at -23.7 -4.5) (layer F.SilkS)
      (effects (font (size 1 1) (thickness 0.15)))
    )
    (pad 32 connect rect (at 23.4 0 90) (size 6 1.3) (layers F.Cu F.Mask)
      (net 7 GND))
    (pad 31 connect rect (at 21.75 -0.25 90) (size 5.5 1) (layers F.Cu F.Mask)
      (net 6 /~PRG))
    (pad 30 connect rect (at 20.25 -0.25 90) (size 5.5 1) (layers F.Cu F.Mask)
      (net 16 /~RES))
    (pad 29 connect rect (at 18.75 -0.25 90) (size 5.5 1) (layers F.Cu F.Mask)
      (net 24 /D7))
    (pad 28 connect rect (at 17.25 -0.25 90) (size 5.5 1) (layers F.Cu F.Mask)
      (net 23 /D6))
    (pad 27 connect rect (at 15.75 -0.25 90) (size 5.5 1) (layers F.Cu F.Mask)
      (net 22 /D5))
    (pad 26 connect rect (at 14.25 -0.25 90) (size 5.5 1) (layers F.Cu F.Mask)
      (net 21 /D4))
    (pad 25 connect rect (at 12.75 -0.25 90) (size 5.5 1) (layers F.Cu F.Mask)
      (net 20 /D3))
    (pad 24 connect rect (at 11.25 -0.25 90) (size 5.5 1) (layers F.Cu F.Mask)
      (net 19 /D2))
    (pad 23 connect rect (at 9.75 -0.25 90) (size 5.5 1) (layers F.Cu F.Mask)
      (net 18 /D1))
    (pad 22 connect rect (at 8.25 -0.25 90) (size 5.5 1) (layers F.Cu F.Mask)
      (net 17 /D0))
    (pad 21 connect rect (at 6.75 -0.25 90) (size 5.5 1) (layers F.Cu F.Mask)
      (net 35 /A15))
    (pad 20 connect rect (at 5.25 -0.25 90) (size 5.5 1) (layers F.Cu F.Mask)
      (net 34 /A14))
    (pad 19 connect rect (at 3.75 -0.25 90) (size 5.5 1) (layers F.Cu F.Mask)
      (net 33 /A13))
    (pad 18 connect rect (at 2.25 -0.25 90) (size 5.5 1) (layers F.Cu F.Mask)
      (net 32 /A12))
    (pad 17 connect rect (at 0.75 -0.25 90) (size 5.5 1) (layers F.Cu F.Mask)
      (net 47 /A11))
    (pad 16 connect rect (at -0.75 -0.25 90) (size 5.5 1) (layers F.Cu F.Mask)
      (net 45 /A10))
    (pad 15 connect rect (at -2.25 -0.25 90) (size 5.5 1) (layers F.Cu F.Mask)
      (net 48 /A9))
    (pad 14 connect rect (at -3.75 -0.25 90) (size 5.5 1) (layers F.Cu F.Mask)
      (net 49 /A8))
    (pad 13 connect rect (at -5.25 -0.25 90) (size 5.5 1) (layers F.Cu F.Mask)
      (net 37 /A7))
    (pad 12 connect rect (at -6.75 -0.25 90) (size 5.5 1) (layers F.Cu F.Mask)
      (net 38 /A6))
    (pad 11 connect rect (at -8.25 -0.25 90) (size 5.5 1) (layers F.Cu F.Mask)
      (net 39 /A5))
    (pad 10 connect rect (at -9.75 -0.25 90) (size 5.5 1) (layers F.Cu F.Mask)
      (net 40 /A4))
    (pad 9 connect rect (at -11.25 -0.25 90) (size 5.5 1) (layers F.Cu F.Mask)
      (net 41 /A3))
    (pad 8 connect rect (at -12.75 -0.25 90) (size 5.5 1) (layers F.Cu F.Mask)
      (net 42 /A2))
    (pad 7 connect rect (at -14.25 -0.25 90) (size 5.5 1) (layers F.Cu F.Mask)
      (net 43 /A1))
    (pad 6 connect rect (at -15.75 -0.25 90) (size 5.5 1) (layers F.Cu F.Mask)
      (net 44 /A0))
    (pad 5 connect rect (at -17.25 -0.25 90) (size 5.5 1) (layers F.Cu F.Mask)
      (net 51 "Net-(J2-Pad5)"))
    (pad 4 connect rect (at -18.75 -0.25 90) (size 5.5 1) (layers F.Cu F.Mask)
      (net 46 /~RD))
    (pad 3 connect rect (at -20.25 -0.25 90) (size 5.5 1) (layers F.Cu F.Mask)
      (net 31 /~WR))
    (pad 1 connect rect (at -23.4 0 90) (size 6 1.3) (layers F.Cu F.Mask)
      (net 4 +5V))
    (pad 2 connect rect (at -21.75 -0.25 90) (size 5.5 1) (layers F.Cu F.Mask)
      (net 52 "Net-(J2-Pad2)"))
  )

  (module Jumper:SolderJumper-2_P1.3mm_Open_RoundedPad1.0x1.5mm (layer F.Cu) (tedit 5BD2D881) (tstamp 5BDC3D95)
    (at 82.1 59.4 270)
    (descr "SMD Solder Jumper, 1x1.5mm, rounded Pads, 0.3mm gap, open")
    (tags "solder jumper open")
    (path /5BD7EA37)
    (attr virtual)
    (fp_text reference JP2 (at 2.45 0) (layer F.SilkS)
      (effects (font (size 1 1) (thickness 0.15)))
    )
    (fp_text value Jumper_NC_Small (at 0 1.9 270) (layer F.Fab) hide
      (effects (font (size 1 1) (thickness 0.15)))
    )
    (fp_line (start 1.65 1.25) (end -1.65 1.25) (layer F.CrtYd) (width 0.05))
    (fp_line (start 1.65 1.25) (end 1.65 -1.25) (layer F.CrtYd) (width 0.05))
    (fp_line (start -1.65 -1.25) (end -1.65 1.25) (layer F.CrtYd) (width 0.05))
    (fp_line (start -1.65 -1.25) (end 1.65 -1.25) (layer F.CrtYd) (width 0.05))
    (fp_line (start -0.7 -1) (end 0.7 -1) (layer F.SilkS) (width 0.12))
    (fp_line (start 1.4 -0.3) (end 1.4 0.3) (layer F.SilkS) (width 0.12))
    (fp_line (start 0.7 1) (end -0.7 1) (layer F.SilkS) (width 0.12))
    (fp_line (start -1.4 0.3) (end -1.4 -0.3) (layer F.SilkS) (width 0.12))
    (fp_arc (start -0.7 -0.3) (end -0.7 -1) (angle -90) (layer F.SilkS) (width 0.12))
    (fp_arc (start -0.7 0.3) (end -1.4 0.3) (angle -90) (layer F.SilkS) (width 0.12))
    (fp_arc (start 0.7 0.3) (end 0.7 1) (angle -90) (layer F.SilkS) (width 0.12))
    (fp_arc (start 0.7 -0.3) (end 1.4 -0.3) (angle -90) (layer F.SilkS) (width 0.12))
    (pad 2 smd custom (at 0.65 0 270) (size 1 0.5) (layers F.Cu F.Mask)
      (net 36 "Net-(JP2-Pad2)") (zone_connect 0)
      (options (clearance outline) (anchor rect))
      (primitives
        (gr_circle (center 0 0.25) (end 0.5 0.25) (width 0))
        (gr_circle (center 0 -0.25) (end 0.5 -0.25) (width 0))
        (gr_poly (pts
           (xy 0 -0.75) (xy -0.5 -0.75) (xy -0.5 0.75) (xy 0 0.75)) (width 0))
      ))
    (pad 1 smd custom (at -0.65 0 270) (size 1 0.5) (layers F.Cu F.Mask)
      (net 16 /~RES) (zone_connect 0)
      (options (clearance outline) (anchor rect))
      (primitives
        (gr_circle (center 0 0.25) (end 0.5 0.25) (width 0))
        (gr_circle (center 0 -0.25) (end 0.5 -0.25) (width 0))
        (gr_poly (pts
           (xy 0 -0.75) (xy 0.5 -0.75) (xy 0.5 0.75) (xy 0 0.75)) (width 0))
      ))
  )

  (module Jumper:SolderJumper-2_P1.3mm_Open_RoundedPad1.0x1.5mm (layer F.Cu) (tedit 5BD2D884) (tstamp 5BD2FD05)
    (at 84.7 59.4 270)
    (descr "SMD Solder Jumper, 1x1.5mm, rounded Pads, 0.3mm gap, open")
    (tags "solder jumper open")
    (path /5BD77A16)
    (attr virtual)
    (fp_text reference JP1 (at 2.5 0) (layer F.SilkS)
      (effects (font (size 1 1) (thickness 0.15)))
    )
    (fp_text value Jumper_NC_Small (at 0 1.9 270) (layer F.Fab) hide
      (effects (font (size 1 1) (thickness 0.15)))
    )
    (fp_arc (start 0.7 -0.3) (end 1.4 -0.3) (angle -90) (layer F.SilkS) (width 0.12))
    (fp_arc (start 0.7 0.3) (end 0.7 1) (angle -90) (layer F.SilkS) (width 0.12))
    (fp_arc (start -0.7 0.3) (end -1.4 0.3) (angle -90) (layer F.SilkS) (width 0.12))
    (fp_arc (start -0.7 -0.3) (end -0.7 -1) (angle -90) (layer F.SilkS) (width 0.12))
    (fp_line (start -1.4 0.3) (end -1.4 -0.3) (layer F.SilkS) (width 0.12))
    (fp_line (start 0.7 1) (end -0.7 1) (layer F.SilkS) (width 0.12))
    (fp_line (start 1.4 -0.3) (end 1.4 0.3) (layer F.SilkS) (width 0.12))
    (fp_line (start -0.7 -1) (end 0.7 -1) (layer F.SilkS) (width 0.12))
    (fp_line (start -1.65 -1.25) (end 1.65 -1.25) (layer F.CrtYd) (width 0.05))
    (fp_line (start -1.65 -1.25) (end -1.65 1.25) (layer F.CrtYd) (width 0.05))
    (fp_line (start 1.65 1.25) (end 1.65 -1.25) (layer F.CrtYd) (width 0.05))
    (fp_line (start 1.65 1.25) (end -1.65 1.25) (layer F.CrtYd) (width 0.05))
    (pad 1 smd custom (at -0.65 0 270) (size 1 0.5) (layers F.Cu F.Mask)
      (net 14 /RA17) (zone_connect 0)
      (options (clearance outline) (anchor rect))
      (primitives
        (gr_circle (center 0 0.25) (end 0.5 0.25) (width 0))
        (gr_circle (center 0 -0.25) (end 0.5 -0.25) (width 0))
        (gr_poly (pts
           (xy 0 -0.75) (xy 0.5 -0.75) (xy 0.5 0.75) (xy 0 0.75)) (width 0))
      ))
    (pad 2 smd custom (at 0.65 0 270) (size 1 0.5) (layers F.Cu F.Mask)
      (net 50 "Net-(JP1-Pad2)") (zone_connect 0)
      (options (clearance outline) (anchor rect))
      (primitives
        (gr_circle (center 0 0.25) (end 0.5 0.25) (width 0))
        (gr_circle (center 0 -0.25) (end 0.5 -0.25) (width 0))
        (gr_poly (pts
           (xy 0 -0.75) (xy -0.5 -0.75) (xy -0.5 0.75) (xy 0 0.75)) (width 0))
      ))
  )

  (module Package_DFN_QFN:MLF-6-1EP_1.6x1.6mm_P0.5mm_EP0.5x1.26mm (layer F.Cu) (tedit 5B582EB0) (tstamp 5BD2E8E4)
    (at 77.15 52.2 90)
    (descr "MLF, 6 Pin (http://ww1.microchip.com/downloads/en/DeviceDoc/mic5353.pdf), generated with kicad-footprint-generator ipc_dfn_qfn_generator.py")
    (tags "MLF DFN_QFN")
    (path /5BD3734C)
    (attr smd)
    (fp_text reference U2 (at 0 2.25 180) (layer F.SilkS)
      (effects (font (size 1 1) (thickness 0.15)))
    )
    (fp_text value MIC5370 (at 0 -6.05 180) (layer F.Fab)
      (effects (font (size 1 1) (thickness 0.15)))
    )
    (fp_line (start 0 -0.91) (end 0.8 -0.91) (layer F.SilkS) (width 0.12))
    (fp_line (start -0.8 0.91) (end 0.8 0.91) (layer F.SilkS) (width 0.12))
    (fp_line (start -0.4 -0.8) (end 0.8 -0.8) (layer F.Fab) (width 0.1))
    (fp_line (start 0.8 -0.8) (end 0.8 0.8) (layer F.Fab) (width 0.1))
    (fp_line (start 0.8 0.8) (end -0.8 0.8) (layer F.Fab) (width 0.1))
    (fp_line (start -0.8 0.8) (end -0.8 -0.4) (layer F.Fab) (width 0.1))
    (fp_line (start -0.8 -0.4) (end -0.4 -0.8) (layer F.Fab) (width 0.1))
    (fp_line (start -1.4 -1.05) (end -1.4 1.05) (layer F.CrtYd) (width 0.05))
    (fp_line (start -1.4 1.05) (end 1.4 1.05) (layer F.CrtYd) (width 0.05))
    (fp_line (start 1.4 1.05) (end 1.4 -1.05) (layer F.CrtYd) (width 0.05))
    (fp_line (start 1.4 -1.05) (end -1.4 -1.05) (layer F.CrtYd) (width 0.05))
    (fp_text user %R (at 0 0 90) (layer F.Fab)
      (effects (font (size 0.4 0.4) (thickness 0.06)))
    )
    (pad 7 smd roundrect (at 0 0 90) (size 0.5 1.26) (layers F.Cu F.Mask) (roundrect_rratio 0.25)
      (net 7 GND))
    (pad "" smd roundrect (at 0 -0.315 90) (size 0.4 0.51) (layers F.Paste) (roundrect_rratio 0.25))
    (pad "" smd roundrect (at 0 0.315 90) (size 0.4 0.51) (layers F.Paste) (roundrect_rratio 0.25))
    (pad 1 smd roundrect (at -0.8 -0.5 90) (size 0.7 0.25) (layers F.Cu F.Paste F.Mask) (roundrect_rratio 0.25)
      (net 4 +5V))
    (pad 2 smd roundrect (at -0.8 0 90) (size 0.7 0.25) (layers F.Cu F.Paste F.Mask) (roundrect_rratio 0.25)
      (net 7 GND))
    (pad 3 smd roundrect (at -0.8 0.5 90) (size 0.7 0.25) (layers F.Cu F.Paste F.Mask) (roundrect_rratio 0.25)
      (net 4 +5V))
    (pad 4 smd roundrect (at 0.8 0.5 90) (size 0.7 0.25) (layers F.Cu F.Paste F.Mask) (roundrect_rratio 0.25)
      (net 4 +5V))
